# HDT throughput run started 2026-09-18T15:54:42+02:00
# config: virtual_file_size_mb=50 conn_interval_units=80 packet_size_bytes=506 delay=5
timestamp,phy,virtual_file_size_mb,throughput_kbps,avg_throughput_kbps,transfer_time_ms,connection_interval_ms,packet_size_bytes
2026-09-18T15:57:01+02:00,HDT7.5,50,3396,3201,131156,100,506
2026-09-18T15:59:10+02:00,HDT6,50,3380,3320,126391,100,506
2026-09-18T16:01:55+02:00,HDT4,50,2591,2565,163500,100,506
2026-09-18T16:05:17+02:00,HDT3,50,2140,2101,199687,100,506
2026-09-18T16:09:58+02:00,HDT2,50,1513,1508,278531,100,506
2026-09-18T16:12:14+02:00,HDT7.5,50,3782,3143,133391,100,506
2026-09-18T16:14:22+02:00,HDT6,50,3364,3316,126468,100,506
2026-09-18T16:17:10+02:00,HDT4,50,2559,2535,165468,100,506
2026-09-18T16:20:34+02:00,HDT3,50,1947,2082,201719,100,506
2026-09-18T16:25:16+02:00,HDT2,50,1513,1498,280047,100,506
2026-09-18T16:27:27+02:00,HDT7.5,50,2462,3262,128813,100,506
2026-09-18T16:29:36+02:00,HDT6,50,3460,3314,126672,100,506
2026-09-18T16:32:25+02:00,HDT4,50,2639,2519,166641,100,506
2026-09-18T16:35:50+02:00,HDT3,50,2140,2067,202859,100,506
2026-09-18T16:40:32+02:00,HDT2,50,1513,1495,280532,100,506
2026-09-18T16:42:44+02:00,HDT7.5,50,3702,3225,129953,100,506
2026-09-18T16:44:54+02:00,HDT6,50,3396,3292,127515,100,506
2026-09-18T16:47:41+02:00,HDT4,50,2607,2549,164609,100,506
2026-09-18T16:51:06+02:00,HDT3,50,2076,2066,203031,100,506
2026-09-18T16:55:49+02:00,HDT2,50,1545,1493,281015,100,506
2026-09-18T16:58:01+02:00,HDT7.5,50,3879,3233,129625,100,506
2026-09-18T17:00:11+02:00,HDT6,50,3412,3287,127625,100,506
2026-09-18T17:02:59+02:00,HDT4,50,2543,2527,165953,100,506
2026-09-18T17:06:22+02:00,HDT3,50,2140,2089,200797,100,506
2026-09-18T17:11:05+02:00,HDT2,50,1506,1491,281391,100,506
2026-09-18T17:13:13+02:00,HDT7.5,50,3879,3342,125625,100,506
2026-09-18T17:15:22+02:00,HDT6,50,3412,3298,127125,100,506
2026-09-18T17:18:08+02:00,HDT4,50,2575,2551,164406,100,506
2026-09-18T17:21:32+02:00,HDT3,50,2156,2087,201125,100,506
2026-09-18T17:26:14+02:00,HDT2,50,1513,1496,280453,100,506
2026-09-18T17:28:25+02:00,HDT7.5,50,3782,3271,128171,100,506
2026-09-18T17:30:35+02:00,HDT6,50,3428,3275,128093,100,506
2026-09-18T17:33:23+02:00,HDT4,50,2639,2532,165688,100,506
2026-09-18T17:36:46+02:00,HDT3,50,2156,2093,200657,100,506
2026-09-18T17:41:28+02:00,HDT2,50,1523,1496,280657,100,506
2026-09-18T17:43:41+02:00,HDT7.5,50,3750,3230,130250,100,506
2026-09-18T17:45:50+02:00,HDT6,50,3380,3302,127000,100,506
2026-09-18T17:48:37+02:00,HDT4,50,2639,2549,164687,100,506
2026-09-18T17:52:01+02:00,HDT3,50,2140,2077,201984,100,506
2026-09-18T17:56:44+02:00,HDT2,50,1513,1492,281109,100,506
2026-09-18T17:58:52+02:00,HDT7.5,50,3846,3328,126078,100,506
2026-09-18T18:01:01+02:00,HDT6,50,3396,3315,126562,100,506
2026-09-18T18:03:47+02:00,HDT4,50,2639,2561,163750,100,506
2026-09-18T18:07:08+02:00,HDT3,50,2132,2107,199203,100,506
2026-09-18T18:11:49+02:00,HDT2,50,1496,1505,278782,100,506
2026-09-18T18:13:59+02:00,HDT7.5,50,3879,3282,127969,100,506
2026-09-18T18:16:07+02:00,HDT6,50,3396,3345,125531,100,506
2026-09-18T18:18:52+02:00,HDT4,50,2639,2569,163219,100,506
2026-09-18T18:22:15+02:00,HDT3,50,2108,2091,200609,100,506
2026-09-18T18:26:56+02:00,HDT2,50,1513,1504,278906,100,506
2026-09-18T18:29:07+02:00,HDT7.5,50,3830,3254,128562,100,506
2026-09-18T18:31:14+02:00,HDT6,50,3396,3345,125391,100,506
2026-09-18T18:34:01+02:00,HDT4,50,2591,2560,163812,100,506
2026-09-18T18:37:23+02:00,HDT3,50,2156,2096,200187,100,506
2026-09-18T18:42:05+02:00,HDT2,50,1513,1497,280360,100,506
2026-09-18T18:44:14+02:00,HDT7.5,50,3830,3304,126860,100,506
2026-09-18T18:46:22+02:00,HDT6,50,3460,3353,125157,100,506
2026-09-18T18:49:08+02:00,HDT4,50,2639,2556,164281,100,506
2026-09-18T18:52:31+02:00,HDT3,50,2124,2087,201016,100,506
2026-09-18T18:57:12+02:00,HDT2,50,1529,1504,278922,100,506
2026-09-18T18:59:19+02:00,HDT7.5,50,3734,3368,124406,100,506
2026-09-18T19:01:26+02:00,HDT6,50,3444,3365,124656,100,506
2026-09-18T19:04:11+02:00,HDT4,50,2591,2568,163375,100,506
2026-09-18T19:07:33+02:00,HDT3,50,2124,2103,199609,100,506
2026-09-18T19:12:13+02:00,HDT2,50,1545,1509,277906,100,506
2026-09-18T19:14:24+02:00,HDT7.5,50,3911,3260,128703,100,506
2026-09-18T19:16:32+02:00,HDT6,50,3428,3325,126203,100,506
2026-09-18T19:19:19+02:00,HDT4,50,2639,2555,164156,100,506
2026-09-18T19:22:40+02:00,HDT3,50,2108,2100,199859,100,506
2026-09-18T19:27:21+02:00,HDT2,50,1545,1508,278156,100,506
2026-09-18T19:29:28+02:00,HDT7.5,50,3814,3346,125250,100,506
2026-09-18T19:31:35+02:00,HDT6,50,3380,3370,124453,100,506
2026-09-18T19:34:20+02:00,HDT4,50,2591,2566,163469,100,506
2026-09-18T19:37:43+02:00,HDT3,50,2108,2088,200875,100,506
2026-09-18T19:42:24+02:00,HDT2,50,1545,1503,279094,100,506
2026-09-18T19:44:32+02:00,HDT7.5,50,3863,3356,125110,100,506
2026-09-18T19:46:40+02:00,HDT6,50,3396,3334,125797,100,506
2026-09-18T19:49:26+02:00,HDT4,50,2639,2556,164204,100,506
2026-09-18T19:52:49+02:00,HDT3,50,2124,2088,201000,100,506
2026-09-18T19:57:30+02:00,HDT2,50,1513,1504,278921,100,506
2026-09-18T19:59:37+02:00,HDT7.5,50,3830,3364,124610,100,506
2026-09-18T20:01:45+02:00,HDT6,50,3396,3344,125437,100,506
2026-09-18T20:04:30+02:00,HDT4,50,2639,2571,163172,100,506
2026-09-18T20:07:51+02:00,HDT3,50,2156,2114,198391,100,506
2026-09-18T20:12:31+02:00,HDT2,50,1545,1506,278563,100,506
2026-09-18T20:14:37+02:00,HDT7.5,50,2269,3382,123890,100,506
2026-09-18T20:16:43+02:00,HDT6,50,3366,3390,123860,100,506
2026-09-18T20:19:29+02:00,HDT4,50,2639,2567,163343,100,506
2026-09-18T20:22:51+02:00,HDT3,50,2108,2093,200500,100,506
2026-09-18T20:27:33+02:00,HDT2,50,1545,1505,278890,100,506
2026-09-18T20:29:39+02:00,HDT7.5,50,3122,3391,123891,100,506
2026-09-18T20:31:47+02:00,HDT6,50,3380,3330,125938,100,506
2026-09-18T20:34:32+02:00,HDT4,50,2591,2573,163094,100,506
2026-09-18T20:37:53+02:00,HDT3,50,2124,2108,199031,100,506
2026-09-18T20:42:34+02:00,HDT2,50,1513,1505,278781,100,506
2026-09-18T20:44:37+02:00,HDT7.5,50,3798,3454,121375,100,506
2026-09-18T20:46:45+02:00,HDT6,50,3412,3329,126094,100,506
2026-09-18T20:49:30+02:00,HDT4,50,2591,2572,163078,100,506
2026-09-18T20:52:52+02:00,HDT3,50,2108,2104,199453,100,506
2026-09-18T20:57:32+02:00,HDT2,50,1545,1507,278328,100,506
2026-09-18T20:59:37+02:00,HDT7.5,50,3863,3431,122438,100,506
2026-09-18T21:01:44+02:00,HDT6,50,3444,3347,125375,100,506
2026-09-18T21:04:30+02:00,HDT4,50,2623,2570,163172,100,506
2026-09-18T21:07:52+02:00,HDT3,50,2140,2098,199969,100,506
2026-09-18T21:12:32+02:00,HDT2,50,1545,1510,277765,100,506
2026-09-18T21:14:38+02:00,HDT7.5,50,3895,3380,124047,100,506
2026-09-18T21:16:45+02:00,HDT6,50,3331,3356,125000,100,506
2026-09-18T21:19:30+02:00,HDT4,50,2591,2571,163188,100,506
2026-09-18T21:22:51+02:00,HDT3,50,2124,2109,198859,100,506
2026-09-18T21:27:32+02:00,HDT2,50,1545,1503,279109,100,506
2026-09-18T21:29:36+02:00,HDT7.5,50,2068,3428,122313,100,506
2026-09-18T21:31:44+02:00,HDT6,50,3380,3353,125140,100,506
2026-09-18T21:34:29+02:00,HDT4,50,2591,2575,162860,100,506
2026-09-18T21:37:51+02:00,HDT3,50,2156,2097,200047,100,506
2026-09-18T21:42:32+02:00,HDT2,50,1545,1504,279031,100,506
2026-09-18T21:44:36+02:00,HDT7.5,50,3911,3459,121265,100,506
2026-09-18T21:46:43+02:00,HDT6,50,3460,3341,125750,100,506
2026-09-18T21:49:28+02:00,HDT4,50,2591,2578,162953,100,506
2026-09-18T21:52:50+02:00,HDT3,50,2124,2100,199656,100,506
2026-09-18T21:57:31+02:00,HDT2,50,1496,1508,278250,100,506
2026-09-18T21:59:36+02:00,HDT7.5,50,3879,3386,123828,100,506
2026-09-18T22:01:44+02:00,HDT6,50,3412,3351,125297,100,506
2026-09-18T22:04:29+02:00,HDT4,50,2607,2578,162687,100,506
2026-09-18T22:07:50+02:00,HDT3,50,2124,2105,199282,100,506
2026-09-18T22:12:30+02:00,HDT2,50,1513,1509,277984,100,506
2026-09-18T22:14:38+02:00,HDT7.5,50,3766,3341,125453,100,506
2026-09-18T22:16:46+02:00,HDT6,50,3364,3344,125406,100,506
2026-09-18T22:19:31+02:00,HDT4,50,2623,2571,163172,100,506
2026-09-18T22:22:52+02:00,HDT3,50,2140,2100,199734,100,506
2026-09-18T22:27:33+02:00,HDT2,50,1513,1506,278469,100,506
2026-09-18T22:29:39+02:00,HDT7.5,50,3895,3390,123688,100,506
2026-09-18T22:31:46+02:00,HDT6,50,3380,3341,125547,100,506
2026-09-18T22:34:31+02:00,HDT4,50,2639,2576,162797,100,506
2026-09-18T22:37:54+02:00,HDT3,50,2156,2095,200250,100,506
2026-09-18T22:42:34+02:00,HDT2,50,1529,1505,278687,100,506
2026-09-18T22:44:43+02:00,HDT7.5,50,2913,3314,126656,100,506
2026-09-18T22:46:51+02:00,HDT6,50,3380,3350,125312,100,506
2026-09-18T22:49:35+02:00,HDT4,50,2639,2579,162672,100,506
2026-09-18T22:52:57+02:00,HDT3,50,2124,2100,199765,100,506
2026-09-18T22:57:38+02:00,HDT2,50,1545,1505,278704,100,506
2026-09-18T22:59:43+02:00,HDT7.5,50,3830,3394,123547,100,506
2026-09-18T23:01:50+02:00,HDT6,50,3444,3362,124797,100,506
2026-09-18T23:04:35+02:00,HDT4,50,2591,2584,162391,100,506
2026-09-18T23:07:56+02:00,HDT3,50,2124,2104,199390,100,506
2026-09-18T23:12:37+02:00,HDT2,50,1513,1506,278547,100,506
2026-09-18T23:14:43+02:00,HDT7.5,50,3830,3387,123781,100,506
2026-09-18T23:16:49+02:00,HDT6,50,3412,3374,124359,100,506
2026-09-18T23:19:36+02:00,HDT4,50,2639,2560,163891,100,506
2026-09-18T23:22:57+02:00,HDT3,50,2156,2100,199765,100,506
2026-09-18T23:27:39+02:00,HDT2,50,1513,1501,279437,100,506
2026-09-18T23:29:45+02:00,HDT7.5,50,3846,3390,123672,100,506
2026-09-18T23:31:52+02:00,HDT6,50,3444,3351,125219,100,506
2026-09-18T23:34:37+02:00,HDT4,50,2591,2582,162468,100,506
2026-09-18T23:37:59+02:00,HDT3,50,2156,2096,200125,100,506
2026-09-18T23:42:39+02:00,HDT2,50,1545,1511,277641,100,506
2026-09-18T23:44:46+02:00,HDT7.5,50,3830,3366,124641,100,506
2026-09-18T23:46:53+02:00,HDT6,50,3396,3358,124969,100,506
2026-09-18T23:49:38+02:00,HDT4,50,2639,2574,163062,100,506
2026-09-18T23:53:00+02:00,HDT3,50,2108,2097,200047,100,506
2026-09-18T23:57:40+02:00,HDT2,50,1513,1509,277891,100,506
2026-09-18T23:59:46+02:00,HDT7.5,50,3798,3394,123500,100,506
2026-09-19T00:01:53+02:00,HDT6,50,3396,3354,125141,100,506
2026-09-19T00:04:37+02:00,HDT4,50,2639,2588,162094,100,506
2026-09-19T00:07:59+02:00,HDT3,50,2124,2094,200281,100,506
2026-09-19T00:12:39+02:00,HDT2,50,1513,1507,278344,100,506
2026-09-19T00:14:44+02:00,HDT7.5,50,3863,3432,122157,100,506
2026-09-19T00:16:51+02:00,HDT6,50,3396,3348,125313,100,506
2026-09-19T00:19:38+02:00,HDT4,50,2559,2558,164109,100,506
2026-09-19T00:23:00+02:00,HDT3,50,2124,2099,199812,100,506
2026-09-19T00:27:41+02:00,HDT2,50,1513,1501,279469,100,506
2026-09-19T00:29:50+02:00,HDT7.5,50,3814,3302,126954,100,506
2026-09-19T00:31:58+02:00,HDT6,50,3396,3348,125328,100,506
2026-09-19T00:34:43+02:00,HDT4,50,2639,2577,162812,100,506
2026-09-19T00:38:05+02:00,HDT3,50,2108,2098,199906,100,506
2026-09-19T00:42:46+02:00,HDT2,50,1545,1505,278782,100,506
2026-09-19T00:44:50+02:00,HDT7.5,50,3911,3426,122734,100,506
2026-09-19T00:46:58+02:00,HDT6,50,3460,3351,125172,100,506
2026-09-19T00:49:42+02:00,HDT4,50,2639,2580,162563,100,506
2026-09-19T00:53:03+02:00,HDT3,50,2156,2107,199110,100,506
2026-09-19T00:57:43+02:00,HDT2,50,1513,1511,277547,100,506
2026-09-19T00:59:50+02:00,HDT7.5,50,3814,3332,125781,100,506
2026-09-19T01:01:58+02:00,HDT6,50,3460,3343,125516,100,506
2026-09-19T01:04:43+02:00,HDT4,50,2591,2573,163032,100,506
2026-09-19T01:08:06+02:00,HDT3,50,2156,2086,201219,100,506
2026-09-19T01:12:48+02:00,HDT2,50,1545,1500,279640,100,506
2026-09-19T01:14:57+02:00,HDT7.5,50,3879,3306,126719,100,506
2026-09-19T01:17:05+02:00,HDT6,50,3460,3337,125719,100,506
2026-09-19T01:19:50+02:00,HDT4,50,2591,2565,163531,100,506
2026-09-19T01:23:12+02:00,HDT3,50,1271,2107,199187,100,506
2026-09-19T01:27:52+02:00,HDT2,50,933,1510,277719,100,506
2026-09-19T01:29:56+02:00,HDT7.5,50,3879,3417,122797,100,506
2026-09-19T01:32:05+02:00,HDT6,50,3446,3324,126203,100,506
2026-09-19T01:34:50+02:00,HDT4,50,2639,2579,162672,100,506
2026-09-19T01:38:12+02:00,HDT3,50,2156,2096,200203,100,506
2026-09-19T01:42:52+02:00,HDT2,50,1513,1509,278015,100,506
2026-09-19T01:44:59+02:00,HDT7.5,50,3814,3382,124078,100,506
2026-09-19T01:47:06+02:00,HDT6,50,3382,3331,125937,100,506
2026-09-19T01:49:52+02:00,HDT4,50,2607,2562,163750,100,506
2026-09-19T01:53:14+02:00,HDT3,50,2108,2106,199219,100,506
2026-09-19T01:57:56+02:00,HDT2,50,1513,1498,279937,100,506
2026-09-19T02:00:06+02:00,HDT7.5,50,2800,3296,127250,100,506
2026-09-19T02:02:14+02:00,HDT6,50,3380,3324,126313,100,506
2026-09-19T02:04:59+02:00,HDT4,50,2639,2568,163344,100,506
2026-09-19T02:08:22+02:00,HDT3,50,2124,2095,200156,100,506
2026-09-19T02:13:02+02:00,HDT2,50,1545,1509,278125,100,506
2026-09-19T02:15:11+02:00,HDT7.5,50,3267,3309,126922,100,506
2026-09-19T02:17:19+02:00,HDT6,50,3412,3340,125594,100,506
2026-09-19T02:20:03+02:00,HDT4,50,2639,2583,162469,100,506
2026-09-19T02:23:26+02:00,HDT3,50,2156,2095,200156,100,506
2026-09-19T02:28:06+02:00,HDT2,50,1545,1507,278344,100,506
2026-09-19T02:30:12+02:00,HDT7.5,50,2639,3387,123828,100,506
2026-09-19T02:32:20+02:00,HDT6,50,3380,3339,125672,100,506
2026-09-19T02:35:06+02:00,HDT4,50,2655,2560,164157,100,506
2026-09-19T02:38:27+02:00,HDT3,50,2156,2112,198640,100,506
2026-09-19T02:43:07+02:00,HDT2,50,1545,1511,277719,100,506
2026-09-19T02:45:11+02:00,HDT7.5,50,3911,3466,121140,100,506
2026-09-19T02:47:18+02:00,HDT6,50,3444,3350,125250,100,506
2026-09-19T02:50:02+02:00,HDT4,50,2591,2579,162625,100,506
2026-09-19T02:53:24+02:00,HDT3,50,2156,2097,200063,100,506
2026-09-19T02:58:05+02:00,HDT2,50,1513,1506,278500,100,506
2026-09-19T03:00:10+02:00,HDT7.5,50,2510,3421,122843,100,506
2026-09-19T03:02:17+02:00,HDT6,50,3380,3349,125313,100,506
2026-09-19T03:05:03+02:00,HDT4,50,2591,2565,163563,100,506
2026-09-19T03:08:25+02:00,HDT3,50,2124,2098,199953,100,506
2026-09-19T03:13:07+02:00,HDT2,50,1545,1501,279641,100,506
2026-09-19T03:15:13+02:00,HDT7.5,50,2993,3382,124328,100,506
2026-09-19T03:17:20+02:00,HDT6,50,3380,3346,125500,100,506
2026-09-19T03:20:05+02:00,HDT4,50,2591,2576,162953,100,506
2026-09-19T03:23:27+02:00,HDT3,50,2124,2104,199454,100,506
2026-09-19T03:28:08+02:00,HDT2,50,1545,1504,278953,100,506
2026-09-19T03:30:12+02:00,HDT7.5,50,3766,3438,122031,100,506
2026-09-19T03:32:19+02:00,HDT6,50,3460,3380,124234,100,506
2026-09-19T03:35:04+02:00,HDT4,50,2639,2574,163125,100,506
2026-09-19T03:38:26+02:00,HDT3,50,2108,2092,200469,100,506
2026-09-19T03:43:07+02:00,HDT2,50,1062,1507,278594,100,506
2026-09-19T03:45:13+02:00,HDT7.5,50,3830,3394,123719,100,506
2026-09-19T03:47:21+02:00,HDT6,50,3396,3332,126000,100,506
2026-09-19T03:50:07+02:00,HDT4,50,2639,2571,163203,100,506
2026-09-19T03:53:28+02:00,HDT3,50,2108,2104,199453,100,506
2026-09-19T03:58:10+02:00,HDT2,50,1513,1499,279969,100,506
2026-09-19T04:00:16+02:00,HDT7.5,50,3766,3391,123594,100,506
2026-09-19T04:02:22+02:00,HDT6,50,3412,3361,124796,100,506
2026-09-19T04:05:08+02:00,HDT4,50,2591,2569,163344,100,506
2026-09-19T04:08:30+02:00,HDT3,50,2140,2099,199890,100,506
2026-09-19T04:13:11+02:00,HDT2,50,1545,1507,278328,100,506
2026-09-19T04:15:16+02:00,HDT7.5,50,3846,3406,123282,100,506
2026-09-19T04:17:24+02:00,HDT6,50,3380,3347,125343,100,506
2026-09-19T04:20:09+02:00,HDT4,50,2639,2568,163437,100,506
2026-09-19T04:23:33+02:00,HDT3,50,2156,2080,201610,100,506
2026-09-19T04:28:13+02:00,HDT2,50,1513,1513,277266,100,506
2026-09-19T04:30:20+02:00,HDT7.5,50,2848,3337,125578,100,506
2026-09-19T04:32:28+02:00,HDT6,50,3444,3347,125438,100,506
2026-09-19T04:35:12+02:00,HDT4,50,2591,2584,162406,100,506
2026-09-19T04:38:34+02:00,HDT3,50,2108,2098,199875,100,506
2026-09-19T04:43:16+02:00,HDT2,50,1545,1503,279094,100,506
2026-09-19T04:45:20+02:00,HDT7.5,50,3895,3421,122625,100,506
2026-09-19T04:47:27+02:00,HDT6,50,3430,3354,125094,100,506
2026-09-19T04:50:14+02:00,HDT4,50,2623,2560,163859,100,506
2026-09-19T04:53:36+02:00,HDT3,50,2140,2095,200344,100,506
2026-09-19T04:58:17+02:00,HDT2,50,1513,1505,278812,100,506
2026-09-19T05:00:21+02:00,HDT7.5,50,3895,3435,122078,100,506
2026-09-19T05:02:29+02:00,HDT6,50,3380,3342,125500,100,506
2026-09-19T05:05:15+02:00,HDT4,50,2639,2563,163719,100,506
2026-09-19T05:08:36+02:00,HDT3,50,2108,2104,199375,100,506
2026-09-19T05:13:18+02:00,HDT2,50,1513,1500,279703,100,506
2026-09-19T05:15:21+02:00,HDT7.5,50,3863,3469,120828,100,506
2026-09-19T05:17:29+02:00,HDT6,50,3380,3341,125641,100,506
2026-09-19T05:20:15+02:00,HDT4,50,2591,2566,163515,100,506
2026-09-19T05:23:37+02:00,HDT3,50,2140,2101,199657,100,506
2026-09-19T05:28:17+02:00,HDT2,50,1513,1506,278515,100,506
2026-09-19T05:30:22+02:00,HDT7.5,50,3718,3425,122469,100,506
2026-09-19T05:32:30+02:00,HDT6,50,2012,3345,125390,100,506
2026-09-19T05:35:15+02:00,HDT4,50,2639,2566,163515,100,506
2026-09-19T05:38:37+02:00,HDT3,50,2124,2100,199781,100,506
2026-09-19T05:43:18+02:00,HDT2,50,1513,1507,278297,100,506
2026-09-19T05:45:24+02:00,HDT7.5,50,3863,3379,124187,100,506
2026-09-19T05:47:32+02:00,HDT6,50,3396,3342,125578,100,506
2026-09-19T05:50:16+02:00,HDT4,50,2591,2586,162156,100,506
2026-09-19T05:53:39+02:00,HDT3,50,2108,2088,200937,100,506
2026-09-19T05:58:19+02:00,HDT2,50,1545,1511,277609,100,506
2026-09-19T06:00:24+02:00,HDT7.5,50,3750,3415,122937,100,506
2026-09-19T06:02:31+02:00,HDT6,50,3380,3363,124875,100,506
2026-09-19T06:05:16+02:00,HDT4,50,2639,2578,162797,100,506
2026-09-19T06:08:37+02:00,HDT3,50,2140,2101,199625,100,506
2026-09-19T06:13:20+02:00,HDT2,50,1545,1497,280250,100,506
2026-09-19T06:15:24+02:00,HDT7.5,50,3830,3426,122469,100,506
2026-09-19T06:17:32+02:00,HDT6,50,3364,3343,125469,100,506
2026-09-19T06:20:17+02:00,HDT4,50,2655,2581,162578,100,506
2026-09-19T06:23:39+02:00,HDT3,50,2156,2100,199781,100,506
2026-09-19T06:28:19+02:00,HDT2,50,1519,1509,277938,100,506
2026-09-19T06:30:24+02:00,HDT7.5,50,3830,3399,123313,100,506
2026-09-19T06:32:31+02:00,HDT6,50,3396,3361,124953,100,506
2026-09-19T06:35:17+02:00,HDT4,50,2591,2556,164093,100,506
2026-09-19T06:38:39+02:00,HDT3,50,2156,2098,200047,100,506
2026-09-19T06:43:22+02:00,HDT2,50,1513,1498,279984,100,506
2026-09-19T06:45:27+02:00,HDT7.5,50,2752,3413,122782,100,506
2026-09-19T06:47:35+02:00,HDT6,50,3444,3313,126672,100,506
2026-09-19T06:50:22+02:00,HDT4,50,2639,2557,164156,100,506
2026-09-19T06:53:44+02:00,HDT3,50,2140,2094,200281,100,506
2026-09-19T06:58:25+02:00,HDT2,50,1545,1503,279203,100,506
2026-09-19T07:00:35+02:00,HDT7.5,50,3734,3294,127250,100,506
2026-09-19T07:02:42+02:00,HDT6,50,3347,3371,124469,100,506
2026-09-19T07:05:27+02:00,HDT4,50,2639,2570,163250,100,506
2026-09-19T07:08:49+02:00,HDT3,50,2156,2097,200016,100,506
2026-09-19T07:13:30+02:00,HDT2,50,1529,1507,278532,100,506
2026-09-19T07:15:37+02:00,HDT7.5,50,3895,3350,125204,100,506
2026-09-19T07:17:44+02:00,HDT6,50,3460,3352,125110,100,506
2026-09-19T07:20:29+02:00,HDT4,50,2639,2577,162735,100,506
2026-09-19T07:23:53+02:00,HDT3,50,2140,2081,201687,100,506
2026-09-19T07:28:34+02:00,HDT2,50,1545,1501,279532,100,506
2026-09-19T07:30:40+02:00,HDT7.5,50,3799,3386,123843,100,506
2026-09-19T07:32:48+02:00,HDT6,50,3350,3348,125328,100,506
2026-09-19T07:35:34+02:00,HDT4,50,2575,2559,163922,100,506
2026-09-19T07:38:56+02:00,HDT3,50,2124,2096,200203,100,506
2026-09-19T07:43:39+02:00,HDT2,50,1545,1495,280563,100,506
2026-09-19T07:45:44+02:00,HDT7.5,50,3895,3406,123235,100,506
2026-09-19T07:47:51+02:00,HDT6,50,3444,3366,124609,100,506
2026-09-19T07:50:36+02:00,HDT4,50,2639,2573,163203,100,506
2026-09-19T07:53:58+02:00,HDT3,50,2108,2105,199266,100,506
2026-09-19T07:58:39+02:00,HDT2,50,1513,1505,278938,100,506
2026-09-19T08:00:44+02:00,HDT7.5,50,3863,3405,123110,100,506
2026-09-19T08:02:52+02:00,HDT6,50,3444,3330,126000,100,506
2026-09-19T08:05:37+02:00,HDT4,50,2639,2571,163296,100,506
2026-09-19T08:08:59+02:00,HDT3,50,2156,2100,199797,100,506
2026-09-19T08:13:40+02:00,HDT2,50,1545,1506,278641,100,506
2026-09-19T08:15:47+02:00,HDT7.5,50,3895,3367,124641,100,506
2026-09-19T08:17:54+02:00,HDT6,50,3444,3352,125110,100,506
2026-09-19T08:20:39+02:00,HDT4,50,2591,2573,163015,100,506
2026-09-19T08:24:01+02:00,HDT3,50,2156,2100,199719,100,506
2026-09-19T08:28:42+02:00,HDT2,50,1513,1502,279235,100,506
2026-09-19T08:30:50+02:00,HDT7.5,50,3106,3328,125890,100,506
2026-09-19T08:32:58+02:00,HDT6,50,3460,3339,125641,100,506
2026-09-19T08:35:44+02:00,HDT4,50,2639,2556,164157,100,506
2026-09-19T08:39:07+02:00,HDT3,50,2116,2088,201125,100,506
2026-09-19T08:43:49+02:00,HDT2,50,1513,1501,279453,100,506
2026-09-19T08:45:54+02:00,HDT7.5,50,3026,3405,123281,100,506
2026-09-19T08:48:02+02:00,HDT6,50,3396,3346,125359,100,506
2026-09-19T08:50:48+02:00,HDT4,50,2575,2560,163860,100,506
2026-09-19T08:54:10+02:00,HDT3,50,2124,2095,200406,100,506
2026-09-19T08:58:51+02:00,HDT2,50,1513,1506,278516,100,506
2026-09-19T09:00:57+02:00,HDT7.5,50,3203,3383,124031,100,506
2026-09-19T09:03:04+02:00,HDT6,50,3444,3348,125313,100,506
2026-09-19T09:05:50+02:00,HDT4,50,2639,2561,163828,100,506
2026-09-19T09:09:12+02:00,HDT3,50,2156,2100,199719,100,506
2026-09-19T09:13:54+02:00,HDT2,50,1545,1503,279047,100,506
2026-09-19T09:15:59+02:00,HDT7.5,50,3492,3418,122922,100,506
2026-09-19T09:18:06+02:00,HDT6,50,3428,3352,125141,100,506
2026-09-19T09:20:51+02:00,HDT4,50,2591,2573,163032,100,506
2026-09-19T09:24:15+02:00,HDT3,50,2156,2085,201188,100,506
2026-09-19T09:28:55+02:00,HDT2,50,1513,1509,278344,100,506
2026-09-19T09:31:01+02:00,HDT7.5,50,3814,3383,123907,100,506
2026-09-19T09:33:09+02:00,HDT6,50,3380,3335,125907,100,506
2026-09-19T09:35:54+02:00,HDT4,50,2591,2575,163031,100,506
2026-09-19T09:39:17+02:00,HDT3,50,2108,2093,200469,100,506
2026-09-19T09:43:57+02:00,HDT2,50,1513,1507,278296,100,506
2026-09-19T09:46:03+02:00,HDT7.5,50,3299,3389,123891,100,506
2026-09-19T09:48:11+02:00,HDT6,50,3380,3345,125438,100,506
2026-09-19T09:50:57+02:00,HDT4,50,2591,2563,163844,100,506
2026-09-19T09:54:18+02:00,HDT3,50,2156,2100,199719,100,506
2026-09-19T09:59:00+02:00,HDT2,50,1545,1503,279078,100,506
2026-09-19T10:01:05+02:00,HDT7.5,50,3798,3408,122953,100,506
2026-09-19T10:03:13+02:00,HDT6,50,3396,3325,126125,100,506
2026-09-19T10:05:59+02:00,HDT4,50,2639,2564,163594,100,506
2026-09-19T10:09:21+02:00,HDT3,50,2108,2095,200328,100,506
2026-09-19T10:14:02+02:00,HDT2,50,1110,1505,278781,100,506
2026-09-19T10:16:09+02:00,HDT7.5,50,3863,3364,124594,100,506
2026-09-19T10:18:16+02:00,HDT6,50,3460,3342,125640,100,506
2026-09-19T10:21:02+02:00,HDT4,50,2629,2559,163906,100,506
2026-09-19T10:24:25+02:00,HDT3,50,2140,2089,200765,100,506
2026-09-19T10:29:07+02:00,HDT2,50,1513,1502,279343,100,506
2026-09-19T10:31:12+02:00,HDT7.5,50,3895,3409,123156,100,506
2026-09-19T10:33:19+02:00,HDT6,50,3380,3346,125391,100,506
2026-09-19T10:36:04+02:00,HDT4,50,2591,2573,163016,100,506
2026-09-19T10:39:27+02:00,HDT3,50,2156,2088,200968,100,506
2026-09-19T10:44:08+02:00,HDT2,50,1545,1505,278672,100,506
2026-09-19T10:46:14+02:00,HDT7.5,50,3814,3393,123938,100,506
2026-09-19T10:48:22+02:00,HDT6,50,3412,3352,125187,100,506
2026-09-19T10:51:07+02:00,HDT4,50,2639,2570,163203,100,506
2026-09-19T10:54:29+02:00,HDT3,50,2156,2102,199484,100,506
2026-09-19T10:59:10+02:00,HDT2,50,1513,1505,278703,100,506
2026-09-19T11:01:16+02:00,HDT7.5,50,3830,3364,124812,100,506
2026-09-19T11:03:23+02:00,HDT6,50,3380,3357,124938,100,506
2026-09-19T11:06:09+02:00,HDT4,50,2655,2563,163844,100,506
2026-09-19T11:09:32+02:00,HDT3,50,2156,2096,200078,100,506
2026-09-19T11:14:14+02:00,HDT2,50,1513,1498,280062,100,506
2026-09-19T11:16:19+02:00,HDT7.5,50,3782,3399,123453,100,506
2026-09-19T11:18:27+02:00,HDT6,50,3347,3346,125422,100,506
2026-09-19T11:21:14+02:00,HDT4,50,2639,2542,164969,100,506
2026-09-19T11:24:36+02:00,HDT3,50,2108,2093,200375,100,506
2026-09-19T11:29:17+02:00,HDT2,50,1545,1507,278453,100,506
2026-09-19T11:31:20+02:00,HDT7.5,50,3734,3455,121359,100,506
2026-09-19T11:33:27+02:00,HDT6,50,3090,3355,125000,100,506
2026-09-19T11:36:13+02:00,HDT4,50,2575,2566,163469,100,506
2026-09-19T11:39:36+02:00,HDT3,50,2124,2083,201343,100,506
2026-09-19T11:44:19+02:00,HDT2,50,1545,1495,280469,100,506
2026-09-19T11:46:26+02:00,HDT7.5,50,3911,3347,125203,100,506
2026-09-19T11:48:33+02:00,HDT6,50,3460,3366,124656,100,506
2026-09-19T11:51:19+02:00,HDT4,50,1802,2561,163781,100,506
2026-09-19T11:54:41+02:00,HDT3,50,1287,2096,200094,100,506
2026-09-19T11:59:24+02:00,HDT2,50,1513,1493,280828,100,506
2026-09-19T12:01:30+02:00,HDT7.5,50,3863,3411,123031,100,506
2026-09-19T12:03:38+02:00,HDT6,50,3380,3327,126110,100,506
2026-09-19T12:06:24+02:00,HDT4,50,2591,2559,163875,100,506
2026-09-19T12:09:48+02:00,HDT3,50,2124,2076,201093,100,506
2026-09-19T12:14:32+02:00,HDT2,50,1513,1498,279953,100,506
2026-09-19T12:16:39+02:00,HDT7.5,50,3814,3360,124844,100,506
2026-09-19T12:18:46+02:00,HDT6,50,3380,3359,124859,100,506
2026-09-19T12:21:32+02:00,HDT4,50,2639,2567,163516,100,506
2026-09-19T12:24:46+02:00,HDT3,50,2124,2183,192360,100,506
2026-09-19T12:29:28+02:00,HDT2,50,1545,1501,279562,100,506
2026-09-19T12:31:32+02:00,HDT7.5,50,3846,3445,121782,100,506
2026-09-19T12:33:39+02:00,HDT6,50,3396,3348,125438,100,506
2026-09-19T12:36:25+02:00,HDT4,50,2639,2559,163921,100,506
2026-09-19T12:39:47+02:00,HDT3,50,2108,2099,199859,100,506
2026-09-19T12:44:29+02:00,HDT2,50,1529,1502,279297,100,506
2026-09-19T12:46:37+02:00,HDT7.5,50,3782,3335,125922,100,506
2026-09-19T12:48:44+02:00,HDT6,50,3460,3344,125469,100,506
2026-09-19T12:51:30+02:00,HDT4,50,2591,2570,163297,100,506
2026-09-19T12:54:52+02:00,HDT3,50,2156,2095,200234,100,506
2026-09-19T12:59:33+02:00,HDT2,50,1545,1505,278641,100,506
2026-09-19T13:01:40+02:00,HDT7.5,50,3782,3360,124829,100,506
2026-09-19T13:03:49+02:00,HDT6,50,3444,3311,126719,100,506
2026-09-19T13:06:34+02:00,HDT4,50,2591,2576,162812,100,506
2026-09-19T13:09:56+02:00,HDT3,50,2156,2095,200171,100,506
2026-09-19T13:14:37+02:00,HDT2,50,1513,1506,278562,100,506
2026-09-19T13:16:45+02:00,HDT7.5,50,3911,3327,125968,100,506
2026-09-19T13:18:53+02:00,HDT6,50,3380,3335,125844,100,506
2026-09-19T13:21:38+02:00,HDT4,50,2639,2572,163219,100,506
2026-09-19T13:25:00+02:00,HDT3,50,2140,2107,199094,100,506
2026-09-19T13:29:42+02:00,HDT2,50,1513,1497,280109,100,506
2026-09-19T13:31:46+02:00,HDT7.5,50,3814,3445,121844,100,506
2026-09-19T13:33:53+02:00,HDT6,50,3444,3349,125235,100,506
2026-09-19T13:36:38+02:00,HDT4,50,2655,2572,163156,100,506
2026-09-19T13:40:01+02:00,HDT3,50,2140,2090,200625,100,506
2026-09-19T13:44:41+02:00,HDT2,50,1513,1508,278390,100,506
2026-09-19T13:46:47+02:00,HDT7.5,50,3830,3385,123891,100,506
2026-09-19T13:48:55+02:00,HDT6,50,3382,3346,125484,100,506
2026-09-19T13:51:41+02:00,HDT4,50,2639,2561,163781,100,506
2026-09-19T13:55:03+02:00,HDT3,50,2124,2099,199828,100,506
2026-09-19T13:59:45+02:00,HDT2,50,981,1499,279922,100,506
2026-09-19T14:01:51+02:00,HDT7.5,50,3799,3398,123594,100,506
2026-09-19T14:03:58+02:00,HDT6,50,3396,3346,125344,100,506
2026-09-19T14:06:45+02:00,HDT4,50,2639,2553,164250,100,506
2026-09-19T14:10:06+02:00,HDT3,50,2156,2107,199046,100,506
2026-09-19T14:14:47+02:00,HDT2,50,1513,1503,279062,100,506
2026-09-19T14:16:55+02:00,HDT7.5,50,3751,3332,126047,100,506
2026-09-19T14:19:02+02:00,HDT6,50,3396,3359,124922,100,506
2026-09-19T14:21:48+02:00,HDT4,50,2639,2573,163156,100,506
2026-09-19T14:25:10+02:00,HDT3,50,2140,2096,200046,100,506
2026-09-19T14:29:50+02:00,HDT2,50,1545,1509,278156,100,506
2026-09-19T14:31:57+02:00,HDT7.5,50,3863,3367,124703,100,506
2026-09-19T14:34:05+02:00,HDT6,50,3380,3346,125375,100,506
2026-09-19T14:36:49+02:00,HDT4,50,2639,2581,162547,100,506
2026-09-19T14:40:12+02:00,HDT3,50,2156,2089,200766,100,506
2026-09-19T14:44:53+02:00,HDT2,50,1513,1504,278860,100,506
2026-09-19T14:46:59+02:00,HDT7.5,50,3798,3390,123875,100,506
2026-09-19T14:49:06+02:00,HDT6,50,3396,3365,124671,100,506
2026-09-19T14:51:52+02:00,HDT4,50,1551,2563,163734,100,506
2026-09-19T14:55:15+02:00,HDT3,50,2108,2089,200938,100,506
2026-09-19T14:59:57+02:00,HDT2,50,1545,1500,279781,100,506
2026-09-19T15:02:03+02:00,HDT7.5,50,2366,3367,124469,100,506
2026-09-19T15:04:10+02:00,HDT6,50,3396,3360,124844,100,506
2026-09-19T15:06:56+02:00,HDT4,50,2591,2561,163781,100,506
2026-09-19T15:10:17+02:00,HDT3,50,2108,2103,199468,100,506
2026-09-19T15:14:58+02:00,HDT2,50,1529,1508,278094,100,506
2026-09-19T15:17:06+02:00,HDT7.5,50,3863,3322,126140,100,506
2026-09-19T15:19:13+02:00,HDT6,50,3460,3346,125375,100,506
2026-09-19T15:21:59+02:00,HDT4,50,2639,2571,163140,100,506
2026-09-19T15:25:20+02:00,HDT3,50,2108,2099,199890,100,506
2026-09-19T15:30:02+02:00,HDT2,50,1545,1502,279187,100,506
2026-09-19T15:32:12+02:00,HDT7.5,50,3846,3279,128125,100,506
2026-09-19T15:34:21+02:00,HDT6,50,3364,3319,126391,100,506
2026-09-19T15:37:07+02:00,HDT4,50,2591,2555,164172,100,506
2026-09-19T15:40:28+02:00,HDT3,50,2156,2100,199750,100,506
2026-09-19T15:45:10+02:00,HDT2,50,1545,1499,279875,100,506
2026-09-19T15:47:17+02:00,HDT7.5,50,3750,3360,124937,100,506
2026-09-19T15:49:25+02:00,HDT6,50,3396,3348,125328,100,506
2026-09-19T15:52:11+02:00,HDT4,50,2639,2557,164093,100,506
2026-09-19T15:55:34+02:00,HDT3,50,2140,2091,200609,100,506
2026-09-19T16:00:15+02:00,HDT2,50,1513,1504,278844,100,506
2026-09-19T16:02:19+02:00,HDT7.5,50,3476,3440,122016,100,506
2026-09-19T16:04:26+02:00,HDT6,50,3396,3330,125938,100,506
2026-09-19T16:07:12+02:00,HDT4,50,2639,2562,163765,100,506
2026-09-19T16:10:35+02:00,HDT3,50,2124,2097,200047,100,506
2026-09-19T16:15:15+02:00,HDT2,50,1513,1506,278468,100,506
2026-09-19T16:17:19+02:00,HDT7.5,50,3814,3445,121828,100,506
2026-09-19T16:19:26+02:00,HDT6,50,3219,3360,124844,100,506
2026-09-19T16:22:11+02:00,HDT4,50,2623,2571,163172,100,506
2026-09-19T16:25:34+02:00,HDT3,50,2108,2089,200766,100,506
2026-09-19T16:30:16+02:00,HDT2,50,1513,1502,279265,100,506
2026-09-19T16:32:25+02:00,HDT7.5,50,3798,3307,126844,100,506
2026-09-19T16:34:31+02:00,HDT6,50,3364,3370,124438,100,506
2026-09-19T16:37:17+02:00,HDT4,50,2639,2577,162844,100,506
